12	854.955463106644
13	836.0569266086262
14	814.1588827540173
15	611.9123327808718
16	600.092673647392
17	581.176642580303
18	572.8330649832775
19	559.0727304597492
20	545.5808943433068
21	546.9811016808837
22	548.0006525584341
23	538.9454364815144
24	530.387668229615
25	534.3475783327299
26	527.2935062935974
27	520.3814155988861
28	524.6510867816462
29	518.6673555029689
30	512.7951025505388
31	507.0344816128769
32	501.1612688378684
33	495.8497119171613
34	490.24635525093123
35	497.2096061334654
36	492.36510952443126
37	487.4453448540173
38	482.93670571110954
39	478.216743540297
40	473.8457456678221
41	469.3160335876597
42	464.9477438013519
43	460.8231157183126
44	456.5584008941218
45	452.4332203658435
46	448.4035273032315
47	444.4511303358405
48	440.5713909782509
49	450.26926243909475
50	446.6104943647908
51	455.128824183347
52	445.9148047884832
53	454.7060862132364
54	461.54943709322026
55	466.10638393919044
56	463.15085248748017
57	460.4221459915633
58	457.54485294894437
59	454.75660786161666
60	452.02130352386075
61	449.32746816985065
62	446.6690634652779
63	453.66257389454904
64	451.0855998817725
65	457.3855778592541
66	451.33812223572994
67	445.38631849448393
68	439.537338603793
69	433.80317719080716
70	413.51543554700777
71	408.57136916086074
72	418.60845891073086
73	425.92319799345887
74	431.004120849817
75	428.7760736216334
76	433.5002150370681
77	429.56216866303276
78	425.7090978718054
79	421.9265383925462
80	418.21024191168016
81	405.89727938751696
82	402.5143650687211
83	399.20127551086125
84	395.94660263730185
85	393.9535323657687
86	391.9974565460939
87	395.9906185920909
88	392.7648178819608
89	389.59975858619634
90	386.4921076698586
91	396.29669930319994
92	399.80369154257414
93	390.48602309001603
94	388.66153206675267
95	391.9879012123772
96	389.25013530108305
97	398.1282045205498
98	396.38784010480185
99	399.5221782451888
10000	22.852454746772892
10001	22.851997121751086
10002	22.85149939670574
10003	22.85093894939036
10004	22.850308567352037
10005	22.849440793379156
10006	22.848426718784708
10007	22.847326163919853
10008	22.84617549587051
10009	22.845398991503263
10010	22.844812112259014
10011	22.844268811830837
10012	22.843704905591686
10013	22.843091973792305
10014	22.842418960590543
10015	22.84168363343698
10016	22.840805811908247
10017	22.83984618475735
10018	22.838831322105612
10019	22.83777550161733
10020	22.836520307921205
10021	22.835158712532923
10022	22.833749334351864
10023	22.832325878396
10024	22.830906544474658
10025	22.8299025311533
10026	22.82912102560543
10027	22.828410337417523
10028	22.827701901844918
10029	22.826963847582604
10030	22.82601539103917
10031	22.824938685225714
10032	22.823788108542715
10033	22.82299867132216
10034	22.822392551183732
10035	22.821745861512383
10036	22.820970686446575
10037	22.820298070198703
10038	22.81971107535688
10039	22.818450564981763
10040	22.81671068593945
10041	22.814551766802513
10042	22.812214515821196
10043	22.809842623706448
10044	22.807914165976538
10045	22.806271417508196
10046	22.8046108811634
10047	22.802953605594226
10048	22.80171953614716
10049	22.800723478022217
10050	22.7997355194588
10051	22.79874420181377
10052	22.797738436259273
10053	22.796892092898872
10054	22.796079706078523
10055	22.79525442948146
10056	22.794397810917683
10057	22.793503306579577
10058	22.79240366807173
10059	22.791586755323102
10060	22.790913493761874
10061	22.790265298284226
10062	22.78959311149871
10063	22.78887641560438
10064	22.788107935372985
10065	22.787286919863316
10066	22.786334126030937
10067	22.785309324101128
10068	22.784471481658834
10069	22.78372501492735
10070	22.78297979219182
10071	22.782203398869164
10072	22.78138437604671
10073	22.780520003596045
10074	22.77961151599129
10075	22.77858046080941
10076	22.777320483826898
10077	22.77594259228202
10078	22.77451305892366
10079	22.773069142755844
10080	22.771630725376134
10081	22.770207656401134
10082	22.768804137488736
10083	22.767421275065942
10084	22.766457481856342
10085	22.765716130460678
10086	22.764962716223323
10087	22.763757425921447
10088	22.762751842172644
10089	22.7618670519129
10090	22.761189237960878
10091	22.760736984931157
10092	22.76041079255853
10093	22.760104789015486
10094	22.759751909858082
10095	22.75897275558181
10096	22.74607076671772
10097	22.744656609740755
10098	22.743551113253645
10099	22.742673386546908
20000	16.524833989992942
20001	16.52458339555614
20002	16.52434405012853
20003	16.5240973218461
20004	16.523900552020066
20005	16.523706945507826
20006	16.52356421004478
20007	16.523452492441084
20008	16.52311291097393
20009	16.522597275925104
20010	16.521982175355003
20011	16.521321593551427
20012	16.520647728051806
20013	16.519978219613574
20014	16.519259885173263
20015	16.518675286804342
20016	16.518173509025363
20017	16.517710776600808
20018	16.517266828326616
20019	16.516802541341214
20020	16.516331796583774
20021	16.515944523812777
20022	16.51560218877517
20023	16.51524199023022
20024	16.514869811543193
20025	16.514487533993343
20026	16.51409623132385
20027	16.513782034158062
20028	16.513505542715144
20029	16.513232794363525
20030	16.513015926613782
20031	16.51289132236615
20032	16.51280008359286
20033	16.512700132695993
20034	16.512575363310976
20035	16.512391285632987
20036	16.512137443641798
20037	16.51184189551433
20038	16.511517657654032
20039	16.511172037326677
20040	16.510809681015505
20041	16.510371841151134
20042	16.509892120752276
20043	16.509538991478593
20044	16.509253541095326
20045	16.508988215882844
20046	16.508721737796126
20047	16.508444295423484
20048	16.50815170449942
20049	16.50790780358794
20050	16.50766908280408
20051	16.50735755901487
20052	16.506998406353677
20053	16.50660946475021
20054	16.50620197900887
20055	16.505782788515702
20056	16.50550302795249
20057	16.50529370451353
20058	16.505132485177015
20059	16.50482109950937
20060	16.504301957030016
20061	16.503663238692013
20062	16.50296947175208
20063	16.50240640381962
20064	16.501924031626775
20065	16.50147880325348
20066	16.50105057923132
20067	16.50069414039141
20068	16.500360540162706
20069	16.499968203848084
20070	16.499539683789543
20071	16.499090881324456
20072	16.498778405984723
20073	16.498536450989143
20074	16.49828518403719
20075	16.49802077573889
20076	16.49774012162181
20077	16.497380266615615
20078	16.496972629824434
20079	16.49668465351752
20080	16.496457299335816
20081	16.496308446189776
20082	16.49620423879645
20083	16.49598238381038
20084	16.495612566733598
20085	16.495118433304892
20086	16.494610031153993
20087	16.494084541244153
20088	16.493489224932972
20089	16.49286257390526
20090	16.492375112270906
20091	16.491968720179813
20092	16.491595719193278
20093	16.491298897200647
20094	16.49099517858867
20095	16.49068152547896
20096	16.490355689608055
20097	16.489890341575364
20098	16.489360409326594
20099	16.48894975269489
30000	13.658223588065727
30001	13.657982539815643
30002	13.65773560425702
30003	13.65753268045416
30004	13.657353189460967
30005	13.65721481875973
30006	13.657086222565948
30007	13.656954886752247
30008	13.656815525305564
30009	13.656631564175974
30010	13.65641968586311
30011	13.65627244018887
30012	13.656157614931745
30013	13.656065990278602
30014	13.655852620575672
30015	13.655545233190328
30016	13.655185647147302
30017	13.654839393155175
30018	13.654499972897296
30019	13.654167438047565
30020	13.653807827289887
30021	13.653438392667343
30022	13.653150952128488
30023	13.652912168704262
30024	13.65269474257308
30025	13.65248573516271
30026	13.652278610086482
30027	13.652106082470457
30028	13.651872018422878
30029	13.65160746708404
30030	13.65132847105804
30031	13.651124874156935
30032	13.650962289220054
30033	13.650849231884877
30034	13.650749028475415
30035	13.65064621078554
30036	13.650499470151791
30037	13.650323179421502
30038	13.650127475935193
30039	13.649918846863022
30040	13.649701349256656
30041	13.649477533858343
30042	13.649330302462655
30043	13.649221663053545
30044	13.649122476689472
30045	13.649019467902324
30046	13.648942563931964
30047	13.648860608348391
30048	13.648775923919484
30049	13.648663766684955
30050	13.64856778019038
30051	13.648484352270177
30052	13.648331593650695
30053	13.648013821333
30054	13.647585619471808
30055	13.647103239558707
30056	13.646603612291345
30057	13.646107766968441
30058	13.64562653982526
30059	13.645245924080687
30060	13.644928376239257
30061	13.644679669167884
30062	13.644426368316564
30063	13.644168012811443
30064	13.6439067715698
30065	13.643644413292986
30066	13.643382021098024
30067	13.643120178845253
30068	13.642859163004745
30069	13.642599073490565
30070	13.642339913665182
30071	13.64208163716197
30072	13.641905404133553
30073	13.641771984660267
30074	13.641651501640254
30075	13.64153011360651
30076	13.641401302824177
30077	13.641309085742579
30078	13.64123050145421
30079	13.641146716586452
30080	13.641050763305127
30081	13.640924801690456
30082	13.64077885269167
30083	13.640617640027125
30084	13.640444029908284
30085	13.640225676748416
30086	13.63998120314772
30087	13.63972267672337
30088	13.639457276081844
30089	13.63918909197315
30090	13.639001557830909
30091	13.638856707931968
30092	13.638725339362752
30093	13.638593923780947
30094	13.638491969204813
30095	13.638409276358674
30096	13.63833101798209
30097	13.638048672726756
30098	13.637717472256185
30099	13.637363829124613
40000	11.922158289676315
40001	11.922082672084587
40002	11.921976333863457
40003	11.921850274002296
40004	11.921711804506252
40005	11.921565479617206
40006	11.921414084370946
40007	11.921259322301504
40008	11.921102246013827
40009	11.92099827044302
40010	11.920920191447287
40011	11.920849159351683
40012	11.920776449747823
40013	11.920697979567437
40014	11.92061202175773
40015	11.920550314290413
40016	11.920496438838441
40017	11.920462196152604
40018	11.920438643880729
40019	11.920331566555152
40020	11.920159019344773
40021	11.919948504624932
40022	11.919719669669025
40023	11.919484412822532
40024	11.919249389059754
40025	11.91904141580003
40026	11.918846659761602
40027	11.918659524531371
40028	11.918477262695667
40029	11.91829676327031
40030	11.918122865362434
40031	11.917951789672074
40032	11.91780557110272
40033	11.917668200044968
40034	11.917510708671859
40035	11.917341232970763
40036	11.91716549299606
40037	11.91704163733025
40038	11.916944100909113
40039	11.91687819358086
40040	11.916820110160074
40041	11.916759718712866
40042	11.916692526509976
40043	11.916616716775918
40044	11.916531834299356
40045	11.916392262595952
40046	11.91622505391032
40047	11.916044142126127
40048	11.915857067318598
40049	11.915722598941965
40050	11.915615386521374
40051	11.915517442170994
40052	11.91542036591126
40053	11.91534345385423
40054	11.915269437593011
40055	11.915191499523754
40056	11.915106863147246
40057	11.915014572105607
40058	11.914914559983693
40059	11.914807198824946
40060	11.914636874006332
40061	11.914437524212516
40062	11.914225724788773
40063	11.914010078095416
40064	11.913849698158948
40065	11.913719288214201
40066	11.913600748969287
40067	11.913485486290767
40068	11.913392562650538
40069	11.913304488256724
40070	11.913246367762554
40071	11.913198699975327
40072	11.913171636039545
40073	11.913155385435562
40074	11.913093376884053
40075	11.912921556903996
40076	11.91272885315716
40077	11.912523990707506
40078	11.912312068885015
40079	11.912121565042856
40080	11.911940340654517
40081	11.911763991100187
40082	11.91159055197873
40083	11.911408653372234
40084	11.911168402870771
40085	11.910905421190577
40086	11.910636594386098
40087	11.910370288588812
40088	11.910165085533787
40089	11.909995189704343
40090	11.909841959021232
40091	11.909696271862398
40092	11.9095533629797
40093	11.90941071303778
40094	11.909267030765037
40095	11.909145020270797
40096	11.909029053096912
40097	11.908912971213557
40098	11.90879413593366
40099	11.9086489927947
